Eksperyment 1 - wielowymiarowosc danych

100
(1000, 100)
KNN
0.49829999999999997
0.503
0.48830000000000007
0.4961999999999999
SVM
0.4918999999999999
0.509
0.48739999999999994
0.5008
GNB
0.4913
0.491
0.4832
0.4805
CART
0.5082
0.5044
0.4922000000000001
0.4952000000000001
MLP
0.49839999999999995
0.509
0.4835999999999999
0.5116


200
(1000, 200)
KNN
0.5065500000000001
0.5023000000000001
0.49579999999999996
0.49959999999999993
SVM
0.4991
0.5089999999999999
0.49745000000000006
0.5047499999999999
GNB
0.4876
0.49100000000000016
0.4955
0.4973
CART
0.5049
0.5044
0.49724999999999997
0.49735
MLP
0.50085
0.5089999999999999
0.49544999999999995
0.51445


300
(1000, 300)
KNN
0.49329999999999996
0.509
0.5275
0.5072
SVM
0.4913
0.509
0.5219
0.49300000000000005
GNB
0.48179999999999995
0.491
0.5227
0.525
CART
0.5008
0.5044
0.5248
0.49620000000000003
MLP
0.49349999999999994
0.509
0.5222
0.5032


400
(1000, 400)
KNN
0.50215
0.5007
0.5271499999999999
0.49940000000000007
SVM
0.49905
0.5089999999999999
0.52635
0.50345
GNB
0.48840000000000006
0.49100000000000016
0.5257999999999999
0.5297
CART
0.5029499999999999
0.5044
0.524
0.5007
MLP
0.5034500000000001
0.5089999999999999
0.5253999999999999
0.5113499999999999


500
(1000, 500)
KNN
0.5053666666666665
0.5034
0.5284333333333333
0.4992666666666666
SVM
0.5021
0.5089999999999999
0.5272333333333333
0.5045333333333334
GNB
0.48919999999999997
0.49100000000000016
0.5270666666666667
0.5316666666666666
CART
0.4998666666666666
0.5043999999999998
0.5265000000000002
0.5005333333333333
MLP
0.5109
0.5089999999999999
0.5267666666666666
0.5266333333333334


600
(1000, 600)
KNN
0.5065
0.5046499999999999
0.526775
0.5006499999999999
SVM
0.501325
0.5089999999999999
0.524675
0.503725
GNB
0.4902500000000001
0.4910000000000001
0.5251250000000001
0.534275
CART
0.501025
0.5044
0.525775
0.500175
MLP
0.512975
0.5089999999999999
0.5251250000000001
0.53215


700
(1000, 700)
KNN
0.50942
0.50536
0.5244200000000001
0.5058799999999999
SVM
0.50088
0.5089999999999999
0.5220600000000001
0.5029600000000001
GNB
0.49163999999999997
0.4910000000000001
0.52304
0.5357799999999999
CART
0.49976000000000004
0.5044
0.5238200000000001
0.50018
MLP
0.51032
0.5089999999999999
0.5232
0.53288


800
(1000, 800)
KNN
0.50975
0.5049
0.5210833333333333
0.5068166666666667
SVM
0.5008166666666667
0.5089999999999999
0.5183833333333334
0.5024666666666667
GNB
0.49255000000000004
0.49100000000000016
0.5196833333333334
0.5364333333333333
CART
0.49935
0.5043999999999998
0.5206333333333334
0.5001666666666668
MLP
0.5103666666666667
0.5089999999999999
0.5200499999999999
0.5341333333333333


900
(1000, 900)
KNN
0.5074
0.5054857142857142
0.5210142857142858
0.5056428571428572
SVM
0.4991285714285714
0.5089999999999999
0.5181857142857144
0.5004714285714285
GNB
0.4926142857142858
0.49100000000000005
0.5198714285714285
0.5374285714285714
CART
0.49978571428571433
0.5043999999999998
0.5206857142857143
0.5000142857142857
MLP
0.5086999999999999
0.5089999999999999
0.5201285714285715
0.5337571428571428


1000
(1000, 1000)
KNN
0.5049375
0.5057499999999999
0.5200875
0.5042625
SVM
0.49917500000000004
0.5089999999999999
0.5171375
0.49965000000000004
GNB
0.493225
0.4910000000000001
0.5191
0.5383249999999999
CART
0.49943750000000003
0.5044
0.519875
0.5002
MLP
0.5089374999999999
0.5089999999999999
0.5193875
0.5295375

1100
(1000, 1100)
KNN
0.5031888888888889
0.5059111111111111
0.5202111111111112
0.5040777777777777
SVM
0.49989999999999996
0.5089999999999999
0.5175777777777778
0.5003555555555557
GNB
0.49367777777777777
0.4910000000000001
0.5193222222222222
0.5395333333333333