Eksperyment 3 - przypadek 3-klasowy

triple1
(1000, 1000)
KNN
0.8594000000000002
0.7123999999999999
0.32170000000000004
0.8645
SVM
0.86
0.86
0.7956
0.8608
GNB
0.8516000000000001
0.019000000000000003
0.3357
0.8534
CART
0.7494
0.86
0.4557999999999999
0.758
MLP
0.7774000000000001
0.86
0.5059
0.8428000000000001


triple2
(1000, 1000)
KNN
0.8280500000000001
0.6507999999999999
0.3326000000000001
0.8368500000000003
SVM
0.8348
0.8120000000000002
0.6975999999999999
0.8434999999999998
GNB
0.8188999999999999
0.019
0.34675000000000006
0.8194500000000001
CART
0.70735
0.8066000000000001
0.44620000000000004
0.7107000000000001
MLP
0.7559500000000002
0.8120000000000002
0.48664999999999997
0.828


triple3
(1000, 1000)
KNN
0.8045000000000001
0.5715999999999999
0.3321
0.8204999999999999
SVM
0.8226333333333333
0.7633333333333332
0.6391666666666667
0.8405
GNB
0.7893666666666667
0.018999999999999996
0.34353333333333336
0.7899333333333333
CART
0.6749666666666667
0.7527333333333333
0.4327666666666667
0.6727666666666666
MLP
0.7358666666666667
0.7633333333333332
0.47113333333333324
0.8164666666666667


triple4
(1000, 1000)
KNN
0.7894249999999999
0.5329250000000001
0.33730000000000004
0.8122
SVM
0.818825
0.7160000000000001
0.599725
0.8406
GNB
0.768125
0.018999999999999996
0.3469
0.7747499999999999
CART
0.651875
0.6989500000000001
0.42410000000000003
0.6491
MLP
0.7237750000000002
0.7160000000000001
0.46655
0.80765


triple5
(1000, 1000)
KNN
0.7819
0.52654
0.34038
0.8084000000000001
SVM
0.8174199999999999
0.673
0.5744600000000001
0.8422200000000001
GNB
0.75464
0.019
0.34792
0.7671600000000001
CART
0.63876
0.6565799999999999
0.4188
0.6333
MLP
0.7181600000000001
0.673
0.46364
0.8016800000000001

Process finished with exit code 0